6588 4122 -0.003582 0.006819 -0.010230
6599 4122 -0.012110 -0.002084 0.009715
6608 4122 -0.016585 -0.000061 0.018953
6617 4122 -0.017960 0.001633 0.021395
6626 4122 -0.020707 0.003238 0.024974
6591 2417 -0.000125 0.006917 -0.010091
6600 2417 -0.000223 0.000703 0.006599
6609 2417 -0.002872 0.002273 0.017739
6618 2417 -0.007432 0.004380 0.025013
6627 2417 -0.010807 0.007036 0.028649
6592 2416 0.001262 0.003465 -0.009504
6602 2416 0.000082 0.004997 0.003209
6611 2416 -0.001315 0.008984 0.015518
6620 2416 -0.002655 0.012862 0.023740
6629 2416 -0.005622 0.017871 0.031636
6590 2442 -0.000653 0.001960 -0.011082
6598 2442 0.000673 0.006317 0.005389
6607 2442 -0.001372 0.011884 0.018166
6616 2442 -0.002683 0.016223 0.024531
6625 2442 -0.002433 0.019966 0.029539
6587 4286 -0.001144 0.001774 -0.013070
6596 4286 0.000374 0.001514 0.006614
6605 4286 -0.000029 0.007077 0.017175
6614 4286 0.003555 0.014654 0.024129
6623 4286 0.005461 0.021288 0.028509
6586 5895 -0.003761 0.003827 -0.017172
6595 5895 -0.000155 0.001478 0.001703
6604 5895 0.002032 0.005423 0.009541
6613 5895 0.006159 0.011678 0.015062
6622 5895 0.010341 0.017863 0.018579
6589 2449 -0.002310 0.004120 -0.020983
6597 2449 0.002544 0.002716 -0.001627
6606 2449 0.004829 0.009416 0.003471
6615 2449 0.007704 0.015066 0.008404
6624 2449 0.011062 0.019640 0.012008
6593 2458 -0.001121 -0.001458 -0.014469
6601 2458 0.008060 0.004781 -0.005288
6610 2458 0.012990 0.010471 -0.001907
6619 2458 0.019077 0.014079 -0.000653
6628 2458 0.022008 0.017616 0.001790
6594 2334 0.004842 -0.001096 -0.009985
6603 2334 0.014018 0.006622 -0.001115
6612 2334 0.018711 0.011094 0.001396
6621 2334 0.024073 0.015010 0.003442
6630 2334 0.028641 0.018561 0.005171
6632 4133 0.000390 0.000357 -0.006608
6643 4133 -0.004503 -0.001371 0.006223
6654 4133 -0.009390 -0.001983 0.011033
6665 4133 -0.014680 -0.005039 0.014185
6631 4249 0.004894 0.001929 -0.008980
6642 4249 0.001634 -0.001163 0.009790
6653 4249 -0.002013 -0.005778 0.021381
6664 4249 -0.003613 -0.008163 0.023437
6641 2266 0.005501 -0.002366 -0.009666
6644 2266 0.003298 -0.002663 0.009975
6655 2266 -0.000212 -0.006195 0.024466
6666 2266 -0.002166 -0.009134 0.025926
6640 2267 0.002139 -0.004113 -0.010990
6651 2267 -0.001487 -0.001836 0.002959
6662 2267 -0.003732 -0.005836 0.020111
6673 2267 -0.004680 -0.009395 0.024107
6637 2302 -0.000030 -0.001351 -0.012001
6646 2302 0.000700 -0.002649 0.000594
6657 2302 0.000779 -0.006476 0.017009
6667 2302 0.001138 -0.011372 0.020600
6633 2520 -0.000701 -0.000487 -0.014122
6645 2520 0.001445 -0.001643 -0.001143
6656 2520 0.002987 -0.004477 0.012120
6668 2520 0.003797 -0.010117 0.019350
6639 2292 -0.002841 -0.003305 -0.011160
6652 2292 -0.000852 -0.003417 0.000709
6663 2292 0.000916 -0.005732 0.011487
6674 2292 0.001237 -0.011759 0.019431
6638 2295 -0.003936 -0.004989 -0.006200
6650 2295 -0.001939 -0.006004 0.006577
6661 2295 0.000838 -0.007914 0.008126
6672 2295 0.004745 -0.014729 0.018907
6636 2316 -0.005115 -0.005135 -0.005227
6649 2316 -0.001475 -0.004622 0.003401
6660 2316 0.003312 -0.007143 0.006235
6671 2316 0.006836 -0.014348 0.014075
6635 2321 0.000698 -0.004073 -0.007710
6648 2321 0.002105 -0.006433 0.002113
6659 2321 0.004745 -0.008288 0.003455
6670 2321 0.013599 -0.017932 0.006621
6634 2324 -0.000762 -0.002107 -0.008459
6647 2324 0.003274 -0.004392 0.002129
6658 2324 0.006684 -0.007929 0.003582
6669 2324 0.014980 -0.016377 0.000246
6675 2324 0.005023 0.003894 -0.010534
6676 2324 0.009467 0.001504 -0.003774
6677 2324 0.012484 -0.001588 -0.002355
6678 2324 0.025547 -0.010919 -0.014517
6679 2324 0.006723 0.005352 -0.010735
6680 2324 0.010929 0.004498 -0.007412
6681 2324 0.015299 0.001608 -0.010834
6682 2324 0.025545 -0.003446 -0.018933
12464 12669 -0.028641 0.018561 0.005171
12473 12669 -0.024073 0.015010 0.003442
12482 12669 -0.018711 0.011094 0.001396
12491 12669 -0.014018 0.006622 -0.001115
12500 12669 -0.004842 -0.001096 -0.009985
12466 12614 -0.022008 0.017616 0.001790
12475 12614 -0.019077 0.014079 -0.000653
12484 12614 -0.012990 0.010471 -0.001907
12493 12614 -0.008060 0.004781 -0.005288
12501 12614 0.001121 -0.001458 -0.014469
12470 12623 -0.011062 0.019640 0.012008
12479 12623 -0.007704 0.015066 0.008404
12488 12623 -0.004829 0.009416 0.003471
12497 12623 -0.002544 0.002716 -0.001627
12505 12623 0.002310 0.004120 -0.020983
12472 12539 -0.010341 0.017863 0.018579
12481 12539 -0.006159 0.011678 0.015062
12490 12539 -0.002032 0.005423 0.009541
12499 12539 0.000155 0.001478 0.001703
12508 12539 0.003761 0.003827 -0.017172
12471 12551 -0.005461 0.021288 0.028509
12480 12551 -0.003555 0.014654 0.024129
12489 12551 0.000029 0.007077 0.017175
12498 12551 -0.000374 0.001514 0.006614
12507 12551 0.001144 0.001774 -0.013070
12469 12630 0.002433 0.019966 0.029539
12478 12630 0.002683 0.016223 0.024531
12487 12630 0.001372 0.011884 0.018166
12496 12630 -0.000673 0.006317 0.005389
12504 12630 0.000653 0.001960 -0.011082
12465 12647 0.005622 0.017871 0.031636
12474 12647 0.002655 0.012862 0.023740
12483 12647 0.001315 0.008984 0.015518
12492 12647 -0.000082 0.004997 0.003209
12502 12647 -0.001262 0.003465 -0.009504
12467 12646 0.010807 0.007036 0.028649
12476 12646 0.007432 0.004380 0.025013
12485 12646 0.002872 0.002273 0.017739
12494 12646 0.000223 0.000703 0.006599
12503 12646 0.000125 0.006917 -0.010091
12468 12582 0.020707 0.003238 0.024974
12477 12582 0.017960 0.001633 0.021395
12486 12582 0.016585 -0.000061 0.018953
12495 12582 0.012110 -0.002084 0.009715
12506 12582 0.003582 0.006819 -0.010230
12412 12670 -0.022713 -0.009492 -0.018775
12413 12670 -0.012467 -0.004438 -0.010676
12414 12670 -0.008097 -0.001548 -0.007254
12415 12670 -0.003891 -0.000694 -0.010577
12416 12670 -0.022715 -0.016965 -0.014359
12417 12670 -0.009652 -0.007634 -0.002197
12418 12670 -0.006635 -0.004542 -0.003616
12419 12670 -0.002191 -0.002152 -0.010376
12425 12679 -0.014980 -0.016377 0.000246
12436 12679 -0.006684 -0.007929 0.003582
12447 12679 -0.003274 -0.004392 0.002129
12460 12679 0.000762 -0.002107 -0.008459
12424 12682 -0.013599 -0.017932 0.006621
12435 12682 -0.004745 -0.008288 0.003455
12446 12682 -0.002105 -0.006433 0.002113
12459 12682 -0.000698 -0.004073 -0.007710
12423 12687 -0.006836 -0.014348 0.014075
12434 12687 -0.003312 -0.007143 0.006235
12445 12687 0.001475 -0.004622 0.003401
12458 12687 0.005115 -0.005135 -0.005227
12422 12704 -0.004745 -0.014729 0.018907
12433 12704 -0.000838 -0.007914 0.008126
12444 12704 0.001939 -0.006004 0.006577
12456 12704 0.003936 -0.004989 -0.006200
12420 12707 -0.001237 -0.011759 0.019431
12431 12707 -0.000916 -0.005732 0.011487
12442 12707 0.000852 -0.003417 0.000709
12455 12707 0.002841 -0.003305 -0.011160
12426 12594 -0.003797 -0.010117 0.019350
12438 12594 -0.002987 -0.004477 0.012120
12449 12594 -0.001445 -0.001643 -0.001143
12461 12594 0.000701 -0.000487 -0.014122
12427 12697 -0.001138 -0.011372 0.020600
12437 12697 -0.000779 -0.006476 0.017009
12448 12697 -0.000700 -0.002649 0.000594
12457 12697 0.000030 -0.001351 -0.012001
12421 12721 0.004680 -0.009395 0.024107
12432 12721 0.003732 -0.005836 0.020111
12443 12721 0.001487 -0.001836 0.002959
12454 12721 -0.002139 -0.004113 -0.010990
12428 12722 0.002166 -0.009134 0.025926
12439 12722 0.000212 -0.006195 0.024466
12450 12722 -0.003298 -0.002663 0.009975
12453 12722 -0.005501 -0.002366 -0.009666
12430 12560 0.003613 -0.008163 0.023437
12441 12560 0.002013 -0.005778 0.021381
12452 12560 -0.001634 -0.001163 0.009790
12463 12560 -0.004894 0.001929 -0.008980
12429 12571 0.014680 -0.005039 0.014185
12440 12571 0.009390 -0.001983 0.011033
12451 12571 0.004503 -0.001371 0.006223
12462 12571 -0.000390 0.000357 -0.006608
6687 6519 0.000000 0.000000 0.013689
6688 6518 0.000000 0.000000 0.013691
6689 6507 0.000000 0.000000 0.013688
6690 6506 0.000000 0.000000 0.013688
6691 6505 0.000000 0.000000 0.013688
6692 5890 0.000000 0.000000 0.013690
6693 5889 0.000000 0.000000 0.013689
6694 5888 0.000000 0.000000 0.013689
6695 5887 0.000000 0.000000 0.013687
6696 4293 0.000000 0.000000 0.013688
6697 4292 0.000000 0.000000 0.013689
6698 4291 0.000000 0.000000 0.013691
6699 4290 0.000000 0.000000 0.013688
6700 4282 0.000000 0.000000 0.013688
6701 2508 0.000000 0.000000 0.013686
6702 2507 0.000000 0.000000 0.013688
6703 2506 0.000000 0.000000 0.013686
6704 2505 0.000000 0.000000 0.013688
6705 2504 0.000000 0.000000 0.013688
6706 2503 0.000000 0.000000 0.013688
6707 2461 0.000000 0.000000 0.013687
6708 2459 0.000000 0.000000 0.013688
6709 2455 0.000000 0.000000 0.013690
6710 2454 0.000000 0.000000 0.013688
6711 2453 0.000000 0.000000 0.013689
6712 2452 0.000000 0.000000 0.013688
6713 2428 0.000000 0.000000 0.013688
6714 2427 0.000000 0.000000 0.013687
6715 2426 0.000000 0.000000 0.013689
6716 2425 0.000000 0.000000 0.013688
6717 2364 0.000000 0.000000 0.013686
6718 2250 0.000000 0.000000 0.013686
6719 2249 0.000000 0.000000 0.013688
6720 2203 0.000000 0.000000 0.013688
6721 2200 0.000000 0.000000 0.013688
6722 2197 0.000000 0.000000 0.013690
14488 12736 0.000000 0.000000 0.013690
14489 12733 0.000000 0.000000 0.013688
14490 9020 0.000000 0.000000 0.013688
14491 8988 0.000000 0.000000 0.013688
14492 8987 0.000000 0.000000 0.013686
14493 8940 0.000000 0.000000 0.013686
14494 12638 0.000000 0.000000 0.013688
14495 12637 0.000000 0.000000 0.013689
14496 12636 0.000000 0.000000 0.013687
14497 12635 0.000000 0.000000 0.013688
14498 12620 0.000000 0.000000 0.013688
14499 12619 0.000000 0.000000 0.013689
14500 12618 0.000000 0.000000 0.013688
14501 12617 0.000000 0.000000 0.013690
14502 8927 0.000000 0.000000 0.013688
14503 12612 0.000000 0.000000 0.013687
14504 8894 0.000000 0.000000 0.013688
14505 8893 0.000000 0.000000 0.013688
14506 8892 0.000000 0.000000 0.013688
14507 8891 0.000000 0.000000 0.013686
14508 8890 0.000000 0.000000 0.013688
14509 8889 0.000000 0.000000 0.013686
14510 8708 0.000000 0.000000 0.013688
14511 12547 0.000000 0.000000 0.013688
14512 12546 0.000000 0.000000 0.013691
14513 8707 0.000000 0.000000 0.013689
14514 8706 0.000000 0.000000 0.013688
14515 8279 0.000000 0.000000 0.013687
14516 8278 0.000000 0.000000 0.013689
14517 12545 0.000000 0.000000 0.013689
14518 12544 0.000000 0.000000 0.013690
14519 12521 0.000000 0.000000 0.013688
14520 12520 0.000000 0.000000 0.013688
14521 12519 0.000000 0.000000 0.013688
14522 8266 0.000000 0.000000 0.013691
14523 8265 0.000000 0.000000 0.013689
