#r_up_eyelash
6588 4122
6599 4122
6608 4122
6617 4122
6626 4122
6591 2417
6600 2417
6609 2417
6618 2417
6627 2417
6592 2416
6602 2416
6611 2416
6620 2416
6629 2416
6590 2442
6598 2442
6607 2442
6616 2442
6625 2442
6587 4286
6596 4286
6605 4286
6614 4286
6623 4286
6586 5895
6595 5895
6604 5895
6613 5895
6622 5895
6589 2449
6597 2449
6606 2449
6615 2449
6624 2449
6593 2458
6601 2458
6610 2458
6619 2458
6628 2458
6594 2334
6603 2334
6612 2334
6621 2334
6630 2334
#r_down_eyelash
6632 4133
6643 4133
6654 4133
6665 4133
6631 4249
6642 4249
6653 4249
6664 4249
6641 2266
6644 2266
6655 2266
6666 2266
6640 2267
6651 2267
6662 2267
6673 2267
6637 2302
6646 2302
6657 2302
6667 2302
6633 2520
6645 2520
6656 2520
6668 2520
6639 2292
6652 2292
6663 2292
6674 2292
6638 2295
6650 2295
6661 2295
6672 2295
6636 2316
6649 2316
6660 2316
6671 2316
6635 2321
6648 2321
6659 2321
6670 2321
6634 2324
6647 2324
6658 2324
6669 2324
6675 2324
6676 2324
6677 2324
6678 2324
6679 2324
6680 2324
6681 2324
6682 2324
#l_up_eyelash
12464 12669
12473 12669
12482 12669
12491 12669
12500 12669
12466 12614
12475 12614
12484 12614
12493 12614
12501 12614
12470 12623
12479 12623
12488 12623
12497 12623
12505 12623
12472 12539
12481 12539
12490 12539
12499 12539
12508 12539
12471 12551
12480 12551
12489 12551
12498 12551
12507 12551
12469 12630
12478 12630
12487 12630
12496 12630
12504 12630
12465 12647
12474 12647
12483 12647
12492 12647
12502 12647
12467 12646
12476 12646
12485 12646
12494 12646
12503 12646
12468 12582
12477 12582
12486 12582
12495 12582
12506 12582
#l_down_eyelash
12412 12670
12413 12670
12414 12670
12415 12670
12416 12670
12417 12670
12418 12670
12419 12670
12425 12679
12436 12679
12447 12679
12460 12679
12424 12682
12435 12682
12446 12682
12459 12682
12423 12687
12434 12687
12445 12687
12458 12687
12422 12704
12433 12704
12444 12704
12456 12704
12420 12707
12431 12707
12442 12707
12455 12707
12426 12594
12438 12594
12449 12594
12461 12594
12427 12697
12437 12697
12448 12697
12457 12697
12421 12721
12432 12721
12443 12721
12454 12721
12428 12722
12439 12722
12450 12722
12453 12722
12430 12560
12441 12560
12452 12560
12463 12560
12429 12571
12440 12571
12451 12571
12462 12571
#r_eyebrown
6687 6519
6688 6518
6689 6507
6690 6506
6691 6505
6692 5890
6693 5889
6694 5888
6695 5887
6696 4293
6697 4292
6698 4291
6699 4290
6700 4282
6701 2508
6702 2507
6703 2506
6704 2505
6705 2504
6706 2503
6707 2461
6708 2459
6709 2455
6710 2454
6711 2453
6712 2452
6713 2428
6714 2427
6715 2426
6716 2425
6717 2364
6718 2250
6719 2249
6720 2203
6721 2200
6722 2197
#l_eyebrown
14488 12736
14489 12733
14490 9020
14491 8988
14492 8987
14493 8940
14494 12638
14495 12637
14496 12636
14497 12635
14498 12620
14499 12619
14500 12618
14501 12617
14502 8927
14503 12612
14504 8894
14505 8893
14506 8892
14507 8891
14508 8890
14509 8889
14510 8708
14511 12547
14512 12546
14513 8707
14514 8706
14515 8279
14516 8278
14517 12545
14518 12544
14519 12521
14520 12520
14521 12519
14522 8266
14523 8265
