2958
2959
2979
2980
2981
2982
2983
2987
2988
2989
2990
2991
2992
2993
2994
2995
2996
2997
2998
2999
3000
3001
3002
3003
3004
3005
3006
3007
3008
3009
3010
3011
3012
3013
3014
3015
3016
3017
3018
3019
3020
3021
3022
3023
3024
3025
3026
3027
3028
3031
3032
3034
3035
3036
3037
3043
3051
3052
3053
3054
3431
3432
3433
3434
3435
3436
3437
3438
3439
3440
3443
3444
3445
3446
3447
3448
3449
3450
3451
3452
3453
3468
3470
3472
3474
3498
3499
3500
3501
3502
3503
3504
3505
3506
3507
3586
3610
3611
3612
3613
3614
3615
3616
3617
3618
3619
3620
3621
3622
3623
3624
3625
3626
3636
3637
3638
4507
4508
4509
4510
4511
4512
4513
4514
4515
4516
4517
4518
4519
4520
4521
4522
4523
4524
4525
4526
4527
4528
4529
4530
4531
4532
4533
4534
4535
4536
4537
4538
4539
4540
5868
5869
5870
5871
5872
5873
5880
5881
5910
5911
